1
9
1
1
1000
512
0.1
0.2
0.3
0.4
0.5
0.6
0.7
0.8
0.9
1.5
1
1
1
1
5
3
1
1
1
1
1
1
2
2
1
1
1
1
1
3
1
1
2
3
4
2
1
3
2
5
3
1
1
1
8
1
3
1
1
1
2
1
1
5
1
2
1
1
1
2
1
5
4
3
6
4
4
3
2
1
1
1
2
2
1
1
1
1
1
1
8
2
1
1
2
1
1
3
1
2
2
1
3
1
3
3
1
1
1
1
1
1
1
4
2
2
1
3
1
1
2
1
4
1
3
1
1
1
1
1
1
1
1
1
1
1
2
1
2
6
1
3
1
1
2
2
1
1
2
1
1
3
2
1
2
9
8
1
2
2
5
1
2
1
2
6
2
1
5
1
1
1
1
1
2
1
2
3
1
4
12
5
3
3
1
3
2
1
1
4
1
3
3
22
1
1
1
1
1
9
3
1
11
4
2
1
4
6
1
2
1
8
1
3
2
6
2
1
1
1
1
1
1
2
1
2
1
2
3
1
1
2
6
1
5
1
1
1
1
3
2
7
2
1
3
3
1
6
1
6
2
3
2
1
1
1
4
1
1
1
3
1
4
4
1
1
2
2
1
3
1
1
2
1
2
1
2
1
1
2
1
1
1
7
1
3
2
2
7
1
1
3
5
1
2
1
1
1
1
1
1
3
1
1
2
1
1
2
1
2
1
1
2
1
3
2
1
1
1
1
1
1
7
2
1
1
4
4
5
1
2
2
1
1
1
1
15
2
2
3
1
1
1
1
1
2
5
3
1
2
1
1
2
1
1
5
2
1
2
1
1
6
11
1
2
1
1
2
1
1
2
2
1
3
1
1
1
2
3
1
6
2
1
1
5
1
2
1
1
1
1
1
2
1
1
1
1
1
2
1
2
1
4
1
1
1
1
1
4
2
1
1
1
3
1
3
1
3
1
2
17
1
5
1
2
1
3
2
1
1
3
2
1
2
1
3
1
1
1
5
1
1
2
1
1
2
3
1
1
1
7
1
2
1
1
2
6
1
1
2
1
1
2
1
1
2
3
1
1
2
1
8
1
3
1
1
4
1
2
1
3
2
1
2
1
1
1
1
6
1
2
2
5
2
1
4
2
3
1
1
1
1
1
1
3
3
1
1
2
12
12
1
2
7
4
2
1
5
2
1
11
1
3
2
1
1
2
1
1
3
1
1
1
1
1
1
1
1
1
1
2
1
8
1
4
3
5
1
1
1
1
1
2
5
2
2
3
3
12
1
7
1
1
4
1
3
1
1
3
3
1
3
4
1
1
1
6
1
1
1
3
1
1
2
1
4
1
1
3
4
1
6
5
5
1
1
3
1
4
3
1
1
1
1
2
1
8
3
1
1
1
1
1
1
2
2
5
1
2
1
15
3
1
3
1
1
1
1
1
5
4
1
6
1
1
1
7
1
1
1
2
2
2
1
3
2
2
1
1
1
1
1
1
1
2
1
1
1
11
5
1
2
5
2
5
3
1
1
2
1
1
2
9
5
2
1
1
4
1
1
1
1
1
2
5
2
1
1
1
2
4
2
2
5
1
2
10
1
1
1
2
3
7
1
2
4
1
1
1
1
1
1
1
1
4
1
2
3
1
1
1
2
2
2
1
1
5
1
1
1
2
2
18
3
1
3
2
1
2
2
1
8
8
2
1
1
3
1
1
2
1
2
1
1
1
3
1
6
1
3
1
3
1
1
2
1
2
2
1
1
3
2
2
4
2
6
2
9
4
5
1
2
1
1
1
1
1
1
1
1
3
1
2
3
4
1
1
1
8
2
3
2
1
4
2
3
2
2
2
2
1
2
1
1
3
4
3
4
2
1
4
1
2
8
1
3
3
1
2
1
3
1
1
1
3
7
1
1
1
1
1
1
2
5
3
2
1
1
5
2
3
1
1
1
4
1
1
3
1
2
1
1
6
1
4
1
2
2
1
1
1
1
1
1
1
3
2
1
2
2
2
2
1
1
3
1
1
1
3
1
2
4
1
1
8
2
3
1
1
3
2
4
4
2
5
7
1
3
4
1
1
3
1
2
1
1
4
1
2
1
9
2
5
1
1
1
2
9
1
1
1
1
1
2
1
2
4
1
1
1
1
1
3
1
5
4
1
1
1
2
1
2
4
3
1
1
1
1
2
1
1
1
1
3
1
1
1
1
5
3
12
2
1
1
1
1
4
1
1
3
1
1
1
1
1
1
1
3
1
3
2
5
4
1
2
1
1
2
7
1
1
8
1
6
1
1
1
1
9
1
1
4
7
1
2
1
1
1
12
1
13
3
1
1
2
1
1
1
10
20
5
2
4
6
1
32
1
4
2
1
1
1
2
1
3
3
1
6
1
4
2
1
1
1
2
18
1
1
1
53
21
2
1
1
30
1
2
1
52
1
2
1
1
23
13
21
4
4
1
1
1
1
1
5
33
1
40
1
3
8
7
4
5
35
2
2
9
2
1
1
1
1
7
2
3
1
32
27
3
33
21
1
22
17
2
2
1
4
2
2
5
4
1
1
1
1
3
3
4
5
2
4
1
1
4
1
18
4
14
4
1
10
19
1
1
1
3
3
1
1
10
28
1
1
17
1
9
1
3
3
8
3
6
5
3
3
19
2
26
1
1
16
5
10
2
1
1
13
7
3
2
5
1
1
3
20
4
1
3
3
1
16
2
1
4
1
1
2
1
1
4
1
8
5
13
4
2
2
1
6
5
1
1
2
3
2
6
1
2
4
2
2
1
2
32
5
1
1
40
3
1
15
7
5
1
1
9
3
3
1
2
3
12
3
3
1
5
1
23
1
3
20
3
8
11
11
1
20
1
9
2
2
3
2
4
4
24
1
1
18
2
1
1
1
9
1
55
2
3
1
1
1
12
1
19
7
17
1
2
2
2
1
3
2
14
1
44
1
1
3
2
8
1
3
1
45
4
1
4
2
1
3
14
1
3
1
7
1
2
4
3
1
12
1
2
2
16
3
37
24
9
1
1
2
1
8
5
1
1
8
7
2
1
5
10
1
1
2
15
1
2
5
11
13
1
9
1
2
25
1
2
1
2
2
5
2
7
1
3
1
11
1
1
10
1
1
2
1
1
6
15
3
2
1
7
6
1
1
2
1
16
6
2
1
15
28
6
3
1
7
1
1
1
5
1
21
1
2
1
1
1
1
1
2
7
2
4
8
6
1
2
1
2
3
3
7
1
2
6
25
3
2
1
1
1
5
5
28
2
1
1
4
2
1
4
4
2
8
3
1
1
2
1
1
7
2
1
5
1
3
2
1
8
1
7
4
1
1
1
15
71
3
22
1
1
16
12
1
1
4
5
5
3
27
15
1
1
3
1
10
22
1
2
3
4
1
1
1
1
3
25
1
4
1
1
16
2
2
1
9
2
1
5
1
2
3
1
4
7
2
1
2
1
8
5
14
1
1
14
4
2
1
10
8
3
2
2
1
1
1
8
1
2
1
24
9
2
2
4
2
18
13
1
1
1
1
3
7
4
1
1
1
2
2
24
32
2
9
1
1
1
1
1
1
1
4
1
3
2
12
1
6
2
2
2
1
1
13
1
1
1
2
2
1
1
2
10
1
1
25
11
2
2
2
4
7
6
6
15
4
3
1
1
3
2
1
1
1
1
27
2
2
1
3
4
1
31
8
17
3
4
2
1
2
5
2
1
1
2
8
1
4
3
1
2
3
1
4
20
2
3
10
2
1
8
3
14
55
2
9
5
10
4
2
29
2
75
3
1
1
1
2
1
1
1
26
1
1
1
1
1
7
2
28
3
5
7
4
1
5
2
7
23
18
1
5
1
5
1
5
2
7
2
39
1
2
7
5
1
1
1
1
1
2
3
2
1
43
8
1
1
22
50
12
28
1
6
10
1
2
3
13
7
6
1
1
1
3
4
1
3
1
1
1
8
5
1
2
78
4
4
2
27
1
1
17
7
5
3
4
1
5
13
1
2
23
1
6
1
14
15
8
2
1
1
2
20
2
4
6
12
2
16
1
1
1
3
1
2
11
2
3
3
2
1
1
20
1
3
2
1
2
3
2
1
3
13
13
6
2
1
23
1
2
1
1
30
1
5
11
1
8
4
4
1
11
5
16
1
1
1
1
1
5
1
6
7
2
1
2
12
9
6
104
1
2
1
17
4
1
2
1
1
1
2
1
25
4
1
5
5
4
7
33
19
1
4
18
20
4
6
1
1
1
6
4
1
1
30
1
7
5
1
1
1
5
13
15
12
1
1
1
1
2
12
3
13
3
1
1
7
3
7
2
38
1
1
1
16
3
1
1
14
3
1
1
70
29
14
3
1
3
4
9
5
1
1
1
6
1
9
2
1
27
1
28
1
1
1
2
2
4
7
20
1
19
5
5
1
2
1
1
1
1
48
2
2
1
3
1
1
3
11
4
4
15
2
1
19
3
1
3
7
1
1
1
6
34
3
1
3
1
1
3
1
1
9
4
5
6
1
2
1
9
1
3
1
8
3
11
4
1
1
1
1
1
6
43
1
1
2
3
1
3
5
8
6
20
1
11
13
3
54
96
71
21
4
1
74
2
24
1
7
13
18
1
3
14
6
4
10
1
21
1
1
1
5
1
1
86
2
273
2
1
4
8
55
119
1
150
3
35
66
10
1
13
17
1
26
1
2
2
8
2
4
12
3
1
1
1
32
37
37
3
97
8
47
13
32
8
1
10
1
2
18
13
3
8
9
5
12
151
11
46
12
62
1
1
7
2
1
1
1
4
1
1
10
1
12
1
37
8
15
10
2
2
65
24
1
1
5
27
45
94
1
38
6
82
15
2
33
4
16
26
16
51
31
8
13
107
8
4
1
1
3
4
25
126
1
77
1
2
94
1
74
2
13
1
8
1
8
2
105
7
14
1
2
4
1
1
11
2
22
9
1
1
101
3
103
1
4
26
66
1
77
17
124
14
6
3
2
3
6
1
11
3
36
17
1
1
3
20
1
4
10
1
25
3
10
16
108
1
41
1
1
1
4
30
3
7
7
9
1
9
1
1
7
2
3
99
107
21
50
13
9
22
7
16
70
64
3
3
1
1
1
1
2
8
1
1
174
7
1
21
2
2
3
3
95
2
18
5
171
4
102
28
1
3
34
17
1
3
10
6
14
3
11
1
1
16
2
39
26
11
4
15
74
104
5
2
2
97
1
1
1
7
2
11
4
3
38
29
136
114
147
1
4
63
7
1
27
2
1
1
1
1
24
2
2
1
137
3
7
23
2
132
2
1
12
2
246
3
107
2
26
87
1
11
30
79
4
2
1
1
18
1
276
1
1
2
1
3
61
2
64
3
105
1
2
19
1
2
10
1
1
11
19
21
2
1
1
107
1
4
3
12
22
129
35
44
67
1
78
4
3
2
14
53
31
5
6
1
3
2
3
4
5
258
1
6
12
83
2
1
2
31
81
2
5
30
7
233
7
2
19
17
1
14
93
154
86
1
3
1
1
2
53
2
2
1
6
77
54
1
17
9
36
3
13
56
1
3
1
26
4
47
16
1
22
115
268
1
1
1
85
33
2
150
2
1
1
6
20
31
2
3
1
349
77
1
1
1
1
11
105
3
38
14
2
4
11
1
5
4
2
57
19
6
6
90
17
2
2
2
4
3
5
124
2
97
82
1
6
15
5
20
8
5
1
2
36
71
115
77
40
8
7
1
9
97
11
12
4
1
47
1
3
7
3
62
2
1
2
87
154
1
5
3
1
135
95
1
32
2
17
1
271
2
49
1
1
1
1
21
1
4
4
5
1
1
1
10
1
43
71
3
2
1
25
2
227
3
10
18
30
2
8
11
3
1
57
1
26
1
1
2
2
16
5
7
18
8
1
3
43
3
2
2
93
10
1
1
15
40
2
41
1
197
6
65
27
3
1
10
1
2
21
1
3
2
1
135
1
2
15
5
13
2
30
4
4
34
71
1
1
1
3
2
17
5
114
20
80
29
1
1
1
18
21
6
151
3
72
1
10
119
1
157
21
1
1
1
71
2
2
13
1
1
1
39
1
31
21
1
44
30
4
57
5
1
1
42
1
269
1
2
1
3
1
1
13
32
32
2
16
1
1
3
2
1
5
76
1
5
6
3
47
3
6
24
60
17
1
18
27
21
1
3
2
1
17
3
31
3
1
3
5
1
5
1
1
2
8
34
17
14
17
18
1
1
6
3
108
10
5
5
3
1
2
1
16
3
1
1
52
3
1
16
3
12
1
275
6
6
10
87
8
48
210
1
3
130
17
31
2
10
13
90
24
1
5
12
6
62
8
9
3
2
49
1
1
19
2
1
216
3
2
2
13
5
1
4
29
2
4
10
40
1
2
160
20
1
3
1
7
1
1
1
164
2
2
14
1
2
1
4
1
95
4
1
5
2
3
77
2
2
13
4
15
2
2
1
1
1
1
1
1
1
83
95
1
7
40
1
1
3
15
5
1
111
1
2
1
32
2
5
22
8
116
5
9
2
43
49
26
1
47
1
11
1
40
1
2
3
2
1
4
303
1
2
1
3
39
1
21
107
93
29
1
30
9
1
161
95
3
1
1
2
1
4
10
5
2
2
1
13
3
50
18
1
1
100
2
33
25
1
3
2
29
11
3
1
4
6
2
4
61
112
2
21
17
27
5
5
4
21
4
4
2
4
1
43
3
3
38
2
2
2
2
5
13
48
10
2
26
70
22
1
8
22
2
2
4
34
5
1
4
27
50
2
8
76
1
246
2
1
3
4
6
30
39
35
1
2
3
5
1
2
3
40
3
52
1
38
14
3
51
116
74
4
1
8
3
40
185
21
90
1
96
98
4
134
12
134
13
330
1
6
201
136
404
1
369
1
1
122
2
1
334
322
20
197
23
11
1
1
3
1
129
3
8
175
346
4
2
2
1
209
229
77
2
3
12
1
1
1
15
6
10
54
1
5
196
209
373
2
2
1
1
46
155
369
259
172
48
2
1
19
96
1
385
145
111
1
35
148
206
1
373
275
217
166
1
1
122
2
1
1
1
10
1
378
4
2
1
2
159
213
1
6
1
151
356
5
1
229
26
1
115
384
368
1
1
11
1
2
31
6
12
392
199
1
1
3
370
1
1
5
17
156
1
2
163
1
368
1
13
226
41
1
382
1
1
93
34
49
3
207
12
2
335
40
3
3
5
2
140
198
247
45
4
1
90
174
1
383
1
1
1
40
2
1
128
1
371
62
4
4
196
143
1
174
11
139
4
189
380
23
20
1
26
1
2
1
1
5
209
1
1
5
3
2
359
32
2
1
366
17
12
2
6
58
368
1
220
93
385
5
1
194
171
370
1
15
3
157
130
5
5
4
344
104
10
4
4
12
5
1
12
2
141
6
63
5
21
365
9
26
1
152
169
3
1
3
131
4
11
225
22
122
324
3
36
1
156
367
358
5
363
20
1
4
5
2
385
231
10
26
2
2
4
1
3
393
18
381
1
4
202
364
340
16
390
1
6
93
1
3
1
240
104
128
1
21
2
28
178
6
1
153
1
3
1
99
1
233
1
10
366
354
212
2
1
3
141
45
142
1
128
6
1
126
7
391
1
189
392
57
80
169
1
169
176
198
331
1
1
18
364
380
1
363
335
10
4
72
236
2
330
4
1
134
2
2
1
1
32
196
102
148
105
390
60
405
71
4
32
33
8
1
374
3
3
7
327
6
65
1
112
2
4
1
3
3
4
11
10
1
1
351
2
1
3
2
8
24
164
11
1
1
2
2
1
276
217
1
4
52
1
1
8
201
7
152
1
352
2
1
72
145
1
4
102
165
172
143
1
42
2
1
15
1
371
384
14
2
2
1
359
227
1
1
1
404
85
23
8
145
142
2
1
1
15
163
167
81
1
137
12
103
3
205
2
383
6
176
5
7
4
199
219
350
111
9
121
6
4
2
1
388
1
49
149
334
357
1
153
134
4
1
11
338
1
2
5
150
374
360
57
191
1
229
1
1
347
192
1
6
210
16
275
17
9
1
74
147
194
1
176
170
411
104
11
6
188
184
389
2
1
380
8
1
7
2
367
3
1
2
76
2
74
1
2
38
23
2
8
1
373
368
94
2
122
84
71
251
18
181
3
1
4
176
5
2
2
170
1
94
9
1
1
6
4
110
2
8
1
7
1
326
3
296
50
3
188
1
1
192
363
196
109
2
227
246
346
2
5
10
2
71
111
203
2
1
355
1
81
377
3
1
82
402
1
1
16
7
26
2
39
4
28
2
31
1
2
4
3
380
22
149
12
371
73
1
1
9
1
27
2
328
3
174
3
2
2
34
384
229
6
1
8
284
1
155
37
324
1
2
2
389
1
224
7
4
85
229
243
1
219
100
106
1
4
1
5
1
9
4
1
1
4
347
351
57
43
6
245
3
176
326
143
1
1
166
233
13
130
1
228
7
3
2
1
251
212
212
163
382
6
10
1
1
4
2
391
1
10
1
1
207
2
5
2
137
25
2
4
250
22
6
1
20
1
200
73
357
30
1
39
198
40
1
54
1
8
390
1
4
6
2
163
1
9
11
2
1
286
3
71
1
2
3
383
6
19
249
33
1
167
114
2
244
4
1
347
1
170
177
93
1
202
191
1
202
185
144
171
20
2
25
184
73
1
12
4
1
185
1
9
29
2
61
44
167
1
1
121
3
321
3
80
4
172
3
220
210
1
13
5
183
17
364
93
19
1
3
1
4
364
1
2
14
351
4
25
14
1
203
2
35
15
10
2
1
1
226
1
19
1
1
2
5
2
364
257
3
20
2
153
368
1
185
6
1
13
99
16
1
271
171
344
5
4
22
132
3
8
37
2
7
1
171
10
1
2
4
7
205
8
4
191
19
357
125
399
1
1
238
230
3
22
386
340
12
1
5
7
108
27
374
181
18
56
157
389
1
3
372
80
67
1
2
281
16
4
125
153
1
370
195
348
176
3
125
3
1
344
3
1
187
43
205
141
109
1
86
5
3
2
3
2
2
3
305
3
371
1
67
33
2
1
1
1
1
378
341
368
103
13
14
2
95
174
2
258
3
1
1
156
15
199
1
280
402
299
411
42
3
1
230
245
1
251
410
3
1
4
4
13
224
1
1
1
413
422
404
264
404
1
112
432
444
278
282
1
4
226
5
407
315
1
2
2
2
260
1
1
1
19
5
1
233
3
200
3
201
216
282
424
274
2
115
256
393
266
1
221
1
1
244
2
276
1
215
388
258
428
5
1
420
165
1
415
7
381
371
418
402
1
267
271
1
2
210
332
3
281
238
236
420
285
272
273
414
1
24
6
407
4
2
410
273
422
258
8
249
1
242
1
202
313
409
426
284
254
3
255
372
29
428
400
2
4
244
2
418
56
1
3
270
261
248
273
262
188
418
231
24
288
221
12
6
415
1
2
1
300
326
47
195
273
259
3
1
2
419
163
252
4
438
215
2
2
175
396
262
274
408
8
14
1
1
272
1
232
434
423
290
3
10
397
3
12
408
1
246
415
288
1
283
20
8
2
415
257
1
225
1
14
273
30
238
116
235
259
246
187
8
265
244
419
331
1
1
1
11
140
152
229
239
48
32
165
1
238
111
210
276
260
1
267
429
232
414
270
3
253
221
1
277
264
413
1
5
3
424
431
3
191
11
303
2
421
423
18
430
395
3
2
3
1
18
412
8
51
16
411
1
1
412
414
1
278
1
12
245
287
1
25
10
291
1
158
433
3
2
2
291
405
100
266
283
409
1
5
296
355
422
2
397
1
386
273
189
3
14
191
423
194
2
5
214
414
383
387
418
62
3
250
14
1
13
207
1
1
4
16
262
289
285
231
18
5
2
7
5
15
243
1
266
2
246
408
392
4
4
2
246
275
1
276
414
222
18
391
1
30
1
3
398
18
225
1
422
24
1
399
280
263
7
421
1
420
400
4
232
3
411
3
12
166
394
1
135
383
416
3
1
8
306
1
167
299
248
19
301
409
393
246
265
280
292
431
2
2
236
242
227
403
415
12
400
267
75
2
28
19
422
1
5
1
218
1
262
5
3
417
1
220
414
249
2
2
413
194
1
2
1
415
1
201
1
299
290
249
2
433
398
275
31
418
2
261
1
421
43
1
4
262
20
2
23
282
2
5
204
385
10
405
303
252
1
207
261
289
2
1
217
257
400
409
5
241
1
414
2
1
389
2
264
238
232
433
2
387
160
6
3
267
8
166
6
381
1
7
3
297
1
252
382
421
409
238
6
414
264
244
272
383
411
229
1
275
44
423
217
259
10
247
314
281
437
2
1
183
270
1
6
2
1
1
197
423
248
424
289
406
1
416
17
415
7
297
2
275
22
185
272
278
1
69
5
412
415
379
3
424
248
17
419
418
193
193
3
284
426
3
5
412
1
281
424
414
27
275
207
4
10
266
9
404
8
294
246
236
385
413
33
226
9
270
264
213
86
262
404
1
421
420
2
2
1
259
284
14
4
4
277
174
9
1
42
1
1
1
415
4
408
273
245
386
441
303
2
275
203
96
1
214
12
9
411
263
416
1
6
424
264
1
285
37
271
2
1
277
307
1
135
394
211
2
1
266
265
8
428
424
1
229
17
7
2
296
408
382
249
272
237
418
292
398
420
155
275
8
1
184
428
416
1
256
281
1
295
151
244
290
1
253
252
88
419
3
404
221
1
2
260
433
8
1
424
2
3
426
291
183
136
232
292
229
290
292
2
2
1
10
172
63
7
250
402
1
300
1
232
225
412
6
426
3
237
428
418
439
3
1
11
203
412
152
2
1
2
412
4
421
296
1
407
1
302
264
267
3
2
88
2
1
1
272
2
1
4
50
430
6
3
5
1
254
301
6
5
1
424
389
1
412
6
12
1
206
285
241
1
366
4
1
1
253
297
50
5
1
8
1
413
408
1
263
6
164
413
404
219
261
295
305
254
3
1
8
341
36
14
8
419
129
382
158
284
413
169
282
7
20
413
3
1
1
212
4
1
1
1
238
400
1
251
398
17
1
2
4
236
416
409
179
3
423
422
414
425
2
40
302
287
1
404
197
1
399
265
228
178
292
2
252
1
254
379
210
244
1
407
1
299
1
280
13
7
420
1
3
3
2
3
8
3
392
61
290
1
245
306
284
308
32
306
254
1
406
410
7
2
265
66
212
400
1
420
281
1
283
6
260
311
284
423
419
217
5
315
2
1
263
373
423
10
18
209
210
276
416
407
1
4
409
323
226
391
394
398
417
21
5
220
8
7
385
1
393
1
289
412
1
296
269
312
428
293
374
1
1
1
427
14
1
381
10
267
4
3
230
422
1
206
258
265
404
308
436
2
7
5
238
335
92
1
307
330
445
443
7
438
352
338
319
2
434
323
1
434
316
425
1
8
1
3
1
8
349
6
4
303
317
318
277
293
339
421
422
445
1
315
432
315
368
1
308
308
1
306
330
11
334
7
315
441
320
1
425
1
337
442
335
2
1
438
326
3
415
5
425
336
438
317
1
2
352
334
1
357
3
23
309
356
1
334
447
2
275
426
314
1
1
344
263
449
259
433
9
292
310
1
366
438
1
1
2
452
445
456
449
1
1
1
315
341
435
2
429
1
445
302
342
1
308
1
5
317
326
435
2
269
292
293
1
307
1
300
442
1
318
2
10
22
8
429
317
311
282
5
12
1
1
421
1
1
432
305
284
446
4
3
301
85
309
1
2
289
5
1
348
442
336
281
315
274
360
1
444
187
437
309
1
324
10
7
1
443
448
323
297
5
448
301
429
17
1
293
428
3
433
274
1
335
3
369
432
340
59
317
2
437
339
1
439
335
443
453
1
2
311
239
3
1
328
348
1
239
265
449
423
411
8
12
5
453
5
403
446
1
3
256
4
435
7
2
19
422
344
1
287
447
436
11
441
443
453
437
1
1
445
295
430
8
432
324
341
303
302
427
426
1
323
1
24
347
289
303
1
1
439
288
429
303
261
2
4
338
442
292
439
275
4
2
250
441
1
337
4
413
346
317
300
313
9
441
2
435
352
1
323
2
6
331
1
2
318
331
2
435
429
441
3
330
422
324
421
345
2
345
1
255
294
301
323
342
3
267
1
1
293
329
2
446
275
443
262
352
427
440
431
433
271
302
312
459
1
2
1
353
322
277
1
2
330
447
1
281
305
438
440
324
445
2
429
260
8
253
2
340
156
283
350
278
5
10
322
448
424
431
355
320
342
442
1
264
306
327
1
448
438
331
301
433
2
445
441
431
312
306
299
1
1
3
1
315
332
316
324
349
329
1
303
323
2
257
434
341
333
327
450
276
249
431
219
317
12
435
1
1
442
306
325
312
1
314
444
341
1
443
420
427
20
30
455
316
1
3
427
445
1
446
451
346
288
328
8
10
451
457
432
277
439
296
9
3
4
286
2
2
300
317
2
323
425
320
12
335
1
2
286
267
438
328
340
449
299
437
279
1
435
433
349
1
317
3
315
348
450
335
2
449
272
1
422
407
1
2
297
325
424
1
304
308
414
410
355
280
320
282
7
308
339
281
312
432
3
1
443
438
329
1
316
1
1
274
17
7
340
434
439
305
348
304
356
3
344
1
348
429
7
435
429
443
1
7
278
278
293
3
440
301
436
429
413
7
3
297
1
4
198
446
268
322
10
3
423
266
441
156
330
357
305
2
306
442
425
6
312
3
329
1
463
1
2
307
1
308
329
264
3
318
441
427
424
1
439
437
2
3
448
1
421
332
2
421
327
22
438
330
356
324
1
448
1
428
265
202
3
425
3
302
422
362
1
442
440
1
319
321
344
320
448
1
7
13
12
429
421
458
280
422
3
404
3
3
2
295
437
2
3
287
421
1
4
311
10
2
336
444
2
432
3
338
345
1
337
304
1
300
454
444
329
302
328
1
457
327
431
275
4
316
313
303
419
341
1
1
298
426
423
31
337
294
437
434
3
320
1
309
7
302
306
455
280
426
1
341
448
1
447
447
436
418
368
352
13
296
428
3
442
295
429
333
2
281
1
443
363
346
351
340
436
265
292
438
449
323
427
359
1
1
327
440
17
445
273
1
1
1
1
291
1
455
332
1
6
3
437
447
277
409
1
1
436
427
364
1
350
441
9
302
290
1
294
309
326
451
446
444
1
328
299
340
301
283
423
432
2
338
434
330
304
324
327
348
341
286
436
342
288
2
1
428
3
1
438
1
320
17
446
431
304
431
441
356
434
285
432
1
2
448
333
462
323
427
332
451
22
311
1
1
1
1
1
273
295
445
327
6
313
5
264
288
308
453
2
2
435
74
323
453
1
425
429
446
327
1
390
350
295
1
9
5
12
8
278
1
329
323
322
330
159
303
434
411
305
306
447
354
327
2
3
429
270
5
298
298
2
299
332
425
441
328
1
318
8
2
439
427
347
451
457
327
433
1
306
433
436
279
456
286
292
2
326
1
428
4
300
447
431
339
294
446
264
336
1
335
323
450
1
329
444
295
25
438
443
2
289
287
1
5
433
268
6
1
26
298
352
358
347
165
296
1
427
317
341
3
3
1
324
328
5
434
1
314
435
3
2
306
2
430
449
330
289
441
349
342
441
341
353
5
463
377
448
458
1
336
1
445
307
460
437
349
361
363
307
362
372
350
360
1
368
386
453
377
432
1
452
351
452
449
389
381
354
369
456
337
1
387
331
370
366
370
10
363
448
341
448
274
446
333
356